1.0.1 0 0 0
1.0.2 10 5 5
1.0.3 10 5 5
1.1.0 42 13 13
1.2.0 67 16 16
1.2.1 72 17 17
1.2.2 72 17 17
1.3.0 92 19 19
1.3.1 92 19 19
1.3.2 92 19 19
1.4.0 92 19 19
1.4.1 92 19 19
1.4.2 92 19 19
1.5.0 70 5 24
1.6.0 70 5 24
1.7.0 74 7 26
1.7.1 74 7 26
1.7.2 74 7 26
1.7.3 74 7 26
1.7.4 74 7 26
1.8.0 74 7 26
1.8.1 74 7 26
1.8.2 74 7 26
1.9.0 74 7 26
1.10.0 74 7 26
1.11.0 74 7 26
1.12.0 122 10 30
1.12.1 122 10 30
1.13.0 122 10 30
1.14.0 165 12 32
1.15.0 171 12 33
1.15.1 175 12 33
1.16.0 232 15 36
1.16.1 236 15 36
1.16.2 240 15 36
1.17.0 238 15 36
1.17.1 249 16 37
1.18.0 425 21 42
1.18.1 429 21 42
1.18.2 433 21 42
1.19.0 431 21 42
1.20.0 433 21 42
1.20.1 381 21 42
1.21.0 493 25 47
1.21.1 493 25 47
1.21.2 493 25 47
1.21.3 493 25 47
1.21.4 497 26 48
1.21.5 370 23 51
2.0.0 0 0 51
2.0.1 0 0 51
2.1.0 4 2 53
2.2.0 14 7 58
2.2.1 14 7 58
2.2.2 16 8 59
2.2.3 16 8 59
2.2.4 16 8 59
2.2.5 10 5 59
2.3.0 18 9 63
2.3.4 18 9 63
v2.3.1 18 9 63
v2.3.2 18 9 63
v2.3.3 18 9 63
v2.4.1 20 10 64
v2.4.2 20 10 64
v2.4.3 20 10 64
v2.4.4 20 10 64
v2.4.5 20 10 64
v2.5.0 22 11 65
v2.5.1 22 11 65
v2.5.2 22 11 65
v2.5.3 22 11 65
