1.0.1 0 0 0
1.0.2 0 5 5
1.0.3 0 5 5
1.1.0 0 0 0
1.2.0 0 0 0
1.2.1 0 0 0
1.2.2 0 0 0
1.3.0 1 0 1
1.3.1 1 0 1
1.3.2 1 0 1
1.4.0 1 0 1
1.4.1 1 0 1
1.4.2 1 0 1
1.5.0 1 0 1
1.6.0 1 0 1
1.7.0 1 0 1
1.7.1 1 0 1
1.7.2 1 0 1
1.7.3 1 0 1
1.7.4 1 0 1
1.8.0 2 0 2
1.8.1 1 0 1
1.8.2 1 0 1
1.9.0 1 0 1
1.10.0 1 0 1
1.11.0 1 0 1
1.12.0 1 0 1
1.12.1 1 0 1
1.13.0 1 0 1
1.14.0 1 0 1
1.15.0 5 0 5
1.15.1 5 2 7
1.16.0 5 0 5
1.16.1 5 2 7
1.16.2 5 2 7
1.17.0 5 0 5
1.17.1 5 3 8
1.18.0 9 0 9
1.18.1 9 2 11
1.18.2 9 2 11
1.19.0 9 0 9
1.20.0 9 0 9
1.20.1 9 0 9
1.21.0 10 0 10
1.21.1 10 0 10
1.21.2 9 0 9
1.21.3 9 0 9
1.21.4 9 1 10
1.21.5 9 6 15
2.0.0 0 0 0
2.0.1 0 0 0
2.1.0 0 0 0
2.2.0 0 0 0
2.2.1 0 0 0
2.2.2 0 0 0
2.2.3 0 0 0
2.2.4 0 0 0
2.2.5 0 0 0
2.3.0 0 0 0
2.3.4 0 0 0
v2.3.1 0 0 0
v2.3.2 0 0 0
v2.3.3 0 0 0
v2.4.1 0 0 0
v2.4.2 0 0 0
v2.4.3 0 0 0
v2.4.4 0 0 0
v2.4.5 0 0 0
v2.5.0 0 0 0
v2.5.1 0 0 0
v2.5.2 0 0 0
v2.5.3 0 0 0
