1.0.1 0 0 0 0 0 0
1.0.2 0 10 10 0 10 10
1.0.3 0 10 10 0 10 10
1.1.0 0 0 0 0 0 0
1.2.0 0 0 0 0 0 0
1.2.1 0 0 0 0 0 0
1.2.2 0 0 0 0 0 0
1.3.0 8 0 8 8 0 8
1.3.1 8 0 8 17 0 17
1.3.2 8 0 8 8 1 9
1.4.0 8 0 8 8 0 8
1.4.1 8 0 8 8 0 8
1.4.2 8 0 8 8 0 8
1.5.0 8 0 8 8 0 8
1.6.0 8 0 8 8 0 8
1.7.0 8 0 8 8 0 8
1.7.1 8 0 8 8 0 8
1.7.2 8 0 8 8 0 8
1.7.3 8 0 8 8 0 8
1.7.4 8 0 8 8 0 8
1.8.0 16 0 16 16 0 16
1.8.1 8 0 8 8 0 8
1.8.2 8 0 8 8 0 8
1.9.0 8 0 8 8 0 8
1.10.0 8 0 8 8 0 8
1.11.0 8 0 8 8 0 8
1.12.0 8 0 8 8 0 8
1.12.1 8 0 8 8 0 8
1.13.0 8 0 8 8 0 8
1.14.0 8 0 8 8 0 8
1.15.0 46 0 46 59 0 59
1.15.1 48 2 50 67 8 75
1.16.0 50 0 50 75 0 75
1.16.1 52 2 54 83 8 91
1.16.2 54 4 58 91 16 107
1.17.0 56 0 56 99 0 99
1.17.1 58 3 61 107 9 116
1.18.0 216 0 216 271 0 271
1.18.1 218 2 220 279 8 287
1.18.2 220 4 224 287 16 303
1.19.0 222 0 222 295 0 295
1.20.0 224 0 224 303 0 303
1.20.1 226 0 226 311 0 311
1.21.0 226 0 226 311 0 311
1.21.1 226 0 226 311 0 311
1.21.2 226 0 226 311 2 313
1.21.3 226 0 226 311 2 313
1.21.4 226 3 229 341 10 351
1.21.5 226 18 244 401 40 441
2.0.0 0 0 0 0 0 0
2.0.1 0 0 0 0 0 0
2.1.0 2 0 2 6 0 6
2.2.0 2 0 2 21 0 21
2.2.1 2 0 2 21 0 21
2.2.2 2 2 4 21 8 29
2.2.3 2 2 4 25 11 36
2.2.4 2 2 4 25 11 36
2.2.5 2 2 4 23 13 36
2.3.0 2 0 2 37 0 37
v2.3.1 2 0 2 37 1 38
v2.3.2 2 0 2 37 1 38
v2.3.3 2 0 2 44 33 77
2.3.4 2 0 2 44 37 81
v2.4.1 2 0 2 124 0 124
v2.4.2 2 0 2 124 0 124
v2.4.3 2 0 2 124 0 124
v2.4.4 2 0 2 124 0 124
v2.4.5 2 0 2 152 0 152
v2.5.0 0 0 0 0 0 0
v2.5.1 2 0 2 98 0 98
v2.5.2 2 0 2 98 0 98
v2.5.3 2 0 2 98 0 98
