1.0 1.0 1.0
1.0 1.0 1.0
1.0 1.04 1.0
1.04 1.04 1.04
1.09 1.04 1.04
1.09 1.09 1.09
1.09 1.09 1.09
1.13 2.0 1.13
1.13 2.0 1.13
1.13 2.0 1.13
1.18 2.0 1.13
1.18 2.0 1.13
1.18 2.0 1.13
1.22 2.11 1.18
1.27 2.11 1.18
1.31 2.22 1.22
1.31 2.22 1.22
1.31 2.22 1.22
1.31 2.22 1.22
1.31 2.22 1.22
1.36 2.22 1.22
1.36 2.22 1.22
1.36 2.22 1.22
1.4 2.22 1.22
1.45 2.22 1.22
1.5 2.22 1.22
1.54 2.33 1.27
1.54 2.33 1.27
1.59 2.33 1.27
1.63 2.44 1.27
1.68 3.0 1.31
1.68 3.0 1.31
1.72 3.33 2.0
1.72 3.33 2.0
1.72 3.33 2.0
1.77 3.33 2.0
1.77 3.66 2.0
1.81 4.0 2.11
1.81 4.0 2.11
1.81 4.0 2.11
1.86 4.0 2.11
1.9 4.0 2.11
1.9 4.0 2.11
1.95 4.25 2.22
1.95 4.25 2.22
1.95 4.25 2.22
1.95 4.25 2.22
1.95 4.5 2.22
1.95 4.75 2.22
2.0 4.75 2.22
2.0 4.75 2.33
2.11 5.0 2.44
2.22 5.16 2.55
2.22 5.16 2.55
2.22 5.33 2.55
2.22 5.33 2.55
2.22 5.33 2.55
2.22 5.33 2.55
2.33 5.5 2.66
2.33 5.5 2.66
2.33 5.5 2.66
2.33 5.5 2.66
2.33 5.5 2.66
2.44 5.66 2.77
2.44 5.66 2.77
2.44 5.66 2.77
2.44 5.66 2.77
2.44 5.66 2.77
2.55 5.83 2.88
2.55 5.83 2.88
2.55 5.83 2.88
2.55 5.83 2.88
