1.0.1 0 0 0
1.0.2 0 0 0
1.0.3 0 0 0
1.1.0 0 0 0
1.2.0 0 0 0
1.2.1 0 0 0
1.2.2 0 0 0
1.3.0 4 0 4
1.3.1 9 0 9
1.3.2 28 1 29
1.4.0 60 0 60
1.4.1 30 6 36
1.4.2 22 0 22
1.5.0 32 0 32
1.6.0 37 0 37
1.7.0 34 0 34
1.7.1 50 0 50
1.7.2 56 14 70
1.7.3 38 14 52
1.7.4 66 28 94
1.8.0 50 0 50
1.8.1 62 0 62
1.8.2 16 14 30
1.9.0 17 0 17
1.10.0 14 0 14
1.11.0 15 0 15
1.12.0 17 0 17
1.12.1 16 1 17
1.13.0 13 0 13
1.14.0 24 0 24
1.15.0 37 0 37
1.15.1 39 9 48
1.16.0 51 0 51
1.16.1 65 1 66
1.16.2 46 2 48
1.17.0 80 0 80
1.17.1 40 1 41
1.18.0 112 0 112
1.18.1 146 1 147
1.18.2 141 10 151
1.19.0 115 0 115
1.20.0 110 0 110
1.20.1 106 1 107
1.21.0 135 0 135
1.21.1 129 1 130
1.21.2 184 2 186
1.21.3 201 2 203
1.21.4 216 4 220
1.21.5 260 5 265
2.0.0 0 0 0
2.0.1 1 0 1
2.1.0 3 0 3
2.2.0 5 0 5
2.2.1 18 0 18
2.2.2 3 0 3
2.2.3 9 1 10
2.2.4 19 2 21
2.2.5 12 6 18
2.3.0 0 0 0
2.3.4 4 1 5
v2.3.1 0 0 0
v2.3.2 0 0 0
v2.3.3 4 0 4
v2.4.1 8 0 8
v2.4.2 7 0 7
v2.4.3 5 2 7
v2.4.4 3 3 6
v2.4.5 13 4 17
v2.5.0 0 0 0
v2.5.1 0 0 0
v2.5.2 0 0 0
v2.5.3 0 0 0
