1.0.1 0 0 0
1.0.2 0 6 6
1.0.3 0 7 7
1.1.0 0 0 0
1.2.0 0 0 0
1.2.1 0 0 0
1.2.2 0 0 0
1.3.0 1 0 1
1.3.1 7 0 7
1.3.2 7 5 12
1.4.0 7 0 7
1.4.1 7 0 7
1.4.2 7 0 7
1.5.0 7 0 7
1.6.0 7 0 7
1.7.0 7 0 7
1.7.1 7 1 8
1.7.2 8 1 9
1.7.3 7 6 13
1.7.4 8 5 13
1.8.0 8 0 8
1.8.1 7 0 7
1.8.2 7 1 8
1.9.0 8 0 8
1.10.0 7 0 7
1.11.0 7 0 7
1.12.0 7 0 7
1.12.1 7 1 8
1.13.0 7 0 7
1.14.0 7 0 7
1.15.0 12 0 12
1.15.1 11 8 19
1.16.0 11 0 11
1.16.1 12 8 20
1.16.2 11 8 19
1.17.0 11 0 11
1.17.1 12 9 21
1.18.0 16 0 16
1.18.1 16 8 24
1.18.2 16 8 24
1.19.0 16 0 16
1.20.0 16 0 16
1.20.1 16 1 17
1.21.0 16 0 16
1.21.1 17 5 22
1.21.2 17 1 18
1.21.3 17 7 24
1.21.4 18 7 25
1.21.5 19 13 32
2.0.0 0 0 0
2.0.1 0 0 0
2.1.0 0 0 0
2.2.0 0 0 0
2.2.1 0 0 0
2.2.2 0 0 0
2.2.3 0 0 0
2.2.4 0 0 0
2.2.5 0 0 0
2.3.0 0 0 0
2.3.4 0 0 0
v2.3.1 0 0 0
v2.3.2 0 0 0
v2.3.3 0 0 0
v2.4.1 0 0 0
v2.4.2 0 0 0
v2.4.3 0 0 0
v2.4.4 0 0 0
v2.4.5 0 0 0
v2.5.0 0 0 0
v2.5.1 0 0 0
v2.5.2 0 0 0
v2.5.3 0 0 0
