1.0.1 1 1 2
1.0.2 2 12 14
1.0.3 3 13 16
1.1.0 4 0 4
1.2.0 5 0 5
1.2.1 6 1 7
1.2.2 7 2 9
1.3.0 16 0 16
1.3.1 17 1 18
1.3.2 18 2 20
1.4.0 19 0 19
1.4.1 20 1 21
1.4.2 21 2 23
1.5.0 22 0 22
1.6.0 23 0 23
1.7.0 24 0 24
1.7.1 25 1 26
1.7.2 26 2 28
1.7.3 27 3 30
1.7.4 28 4 32
1.8.0 29 0 29
1.8.1 30 1 31
1.8.2 31 2 33
1.9.0 32 0 32
1.10.0 33 0 33
1.11.0 34 0 34
1.12.0 35 0 35
1.12.1 36 1 37
1.13.0 37 0 37
1.14.0 38 0 38
1.15.0 78 0 78
1.15.1 81 3 84
1.16.0 84 0 84
1.16.1 87 3 90
1.16.2 90 6 96
1.17.0 93 0 93
1.17.1 96 4 100
1.18.0 255 0 255
1.18.1 258 3 261
1.18.2 261 6 267
1.19.0 264 0 264
1.20.0 267 0 267
1.20.1 270 1 271
1.21.0 271 0 271
1.21.1 272 1 273
1.21.2 273 2 275
1.21.3 274 3 277
1.21.4 275 8 283
1.21.5 276 24 300
2.0.0 0 0 0
2.0.1 1 1 2
2.1.0 4 0 4
2.2.0 5 0 5
2.2.1 6 1 7
2.2.2 7 4 11
2.2.3 8 5 13
2.2.4 9 6 15
2.2.5 10 7 17
2.3.0 11 0 11
2.3.4 15 4 19
v2.3.1 12 1 13
v2.3.2 13 2 15
v2.3.3 14 3 17
v2.4.1 16 0 16
v2.4.2 17 1 18
v2.4.3 18 2 20
v2.4.4 19 3 22
v2.4.5 20 4 24
v2.5.0 0 0 0
v2.5.1 22 0 22
v2.5.2 23 1 24
v2.5.3 24 2 26
